40.0  0.0831068770332  0.00923448992329
40.75  0.0837642170853  0.0091947442736
41.5  0.113643281906  0.0105979388691
42.25  0.114373748857  0.0105294418737
43.0  0.101892257435  0.00980515262297
43.75  0.0953528270754  0.00939583732531
44.5  0.123766393593  0.0106135273659
45.25  0.130256875027  0.0108177906621
46.0  0.139940746342  0.0111336599858
46.75  0.166306957236  0.0118796380541
47.5  0.149506560025  0.0107622651788
48.25  0.117826441382  0.00937413656685
49.0  0.0884015045226  0.00797130701492
49.75  0.0718849250169  0.00704924273286
50.5  0.0519936319431  0.00588739090807
51.25  0.050630854562  0.00569667218004
52.0  0.0403668755529  0.00496900017141
52.75  0.0435458013195  0.00502843936846
53.5  0.0569495730206  0.00563906676962
54.25  0.0470757367123  0.00504726835754
55.0  0.0512317396721  0.00520197307556
55.75  0.0512080876485  0.0051209989266
56.5  0.0594661075776  0.00545146401458
57.25  0.0507230236357  0.00499805848338
58.0  0.0598872442707  0.0054221046466
58.75  0.0682910811912  0.0057718879913
59.5  0.0761271178808  0.00609530464754
60.25  0.0715221440074  0.00589926453512
61.0  0.0927205189468  0.00670929404372
61.75  0.0885879763142  0.00654885392767
62.5  0.0676448132311  0.00571724904029
63.25  0.0404220741073  0.00441055809679
64.0  0.0385264558408  0.00430750917055
64.75  0.0330742541303  0.00398180531678
65.5  0.0397457471907  0.0043628174766
66.25  0.0377247020579  0.00424449906373
67.0  0.0418175631328  0.00445790839565
67.75  0.0357934524  0.00410593515398
68.5  0.0300285741889  0.00375369005409
69.25  0.0376375200527  0.00420810315223
70.0  0.0286418307686  0.00366732743681
70.75  0.0370551064901  0.00416913965732
71.5  0.0257277421574  0.00346921382779
72.25  0.0317510455584  0.00385045757103
73.0  0.0371226257466  0.00415054566855
73.75  0.0245010268726  0.003365558837
74.5  0.0285128463312  0.00362121704688
75.25  0.0237929382252  0.00326829520873
76.0  0.0234890713863  0.00325740820493
76.75  0.0223895915583  0.00319859603264
77.5  0.0241800067282  0.00335326192748
78.25  0.0218880697289  0.00319277881398
79.0  0.0269216182957  0.00353503426907
79.75  0.0302149405052  0.00369142003734
80.5  0.0183122623887  0.0028599457278
81.25  0.0252104876659  0.00336896709552
82.0  0.0248687575454  0.00338426298195
82.75  0.0240323981411  0.00336525295968
83.5  0.0331723715087  0.00390946151042
84.25  0.0367219365514  0.00410570590854
85.0  0.039561906285  0.00429116000707
85.75  0.0336895409167  0.00402672467169
86.5  0.0487864423668  0.00492825105484
87.25  0.0365195569206  0.00430393866443
88.0  0.029643322279  0.00396130520006
88.75  0.0281390420096  0.0039795199363
89.5  0.0255506656011  0.00394260850607
90.25  0.0176930627798  0.00340509346893
91.0  0.0170813019961  0.00356174986403
91.75  0.0148643353267  0.00360517168848
92.5  0.0148474652316  0.00383367011235
93.25  0.014568437389  0.00404061145752
94.0  0.00935639880794  0.00330801820367
94.75  0.00462781450565  0.00231394544459
95.5  0.0100286233611  0.0033429484383
96.25  0.0107661858789  0.00340462905498
97.0  0.0123807921742  0.00357405670561
97.75  0.0109948147155  0.00331512689389
98.5  0.00669853814773  0.00253183767765
99.25  0.00824563947007  0.00274863186751
