40.0  0.13115101569  0.0115927964584
40.75  0.147028260885  0.0121687473151
41.5  0.127470780204  0.0112238358702
42.25  0.12004404816  0.0107808534057
43.0  0.120736860896  0.0106723442289
43.75  0.126354407786  0.0108354421125
44.5  0.15932881939  0.0120792794108
45.25  0.173632907673  0.0125315099741
46.0  0.187159619098  0.0129158585245
46.75  0.200862513998  0.0129393641452
47.5  0.144199608814  0.0105737122729
48.25  0.11884834706  0.00942573182092
49.0  0.0928684223776  0.00817697736477
49.75  0.0838190197489  0.00762024008067
50.5  0.0772402010932  0.00717184650549
51.25  0.0858469907917  0.00741635943063
52.0  0.0720494175931  0.00663297938582
52.75  0.0668554951629  0.00623451076655
53.5  0.0781937528504  0.00660883531002
54.25  0.0726090959977  0.00627273628077
55.0  0.0659402268483  0.00589805257027
55.75  0.0727069906508  0.00610167598709
56.5  0.0789598924192  0.00628196085238
57.25  0.0732409181102  0.00600040200233
58.0  0.084750754468  0.00644375570491
58.75  0.0712970489297  0.00590084203493
59.5  0.0859178629902  0.00647654482137
60.25  0.0823860453648  0.00633763603243
61.0  0.100539906013  0.00698825801105
61.75  0.0940470507462  0.00675244148738
62.5  0.0753685597393  0.00603452608355
63.25  0.0649792420878  0.00559274162872
64.0  0.0494470675099  0.00487235278364
64.75  0.0451159147558  0.00465351098447
65.5  0.0403292958127  0.00440041951521
66.25  0.0469732128787  0.0047451629733
67.0  0.043851727712  0.00457200603068
67.75  0.0440351746001  0.00456637452244
68.5  0.0356653798135  0.00409124226016
69.25  0.0418130776154  0.00443230668802
70.0  0.0351824307948  0.00406269443291
70.75  0.0380417805715  0.00422695580978
71.5  0.0402899638145  0.00434469529822
72.25  0.0476497244142  0.00471813197513
73.0  0.0371844323351  0.00415744229793
73.75  0.0407450294408  0.00434354098379
74.5  0.0345698368228  0.00399188031977
75.25  0.0300571044267  0.0036721382363
76.0  0.0269920624766  0.00348474570982
76.75  0.0273249048985  0.00352770152496
77.5  0.035797844061  0.00407963074493
78.25  0.0232856199896  0.00329315145117
79.0  0.0287272880835  0.00364843975232
79.75  0.0253178358871  0.00338329781073
80.5  0.0294357909695  0.00362334473406
81.25  0.0297267952873  0.00365917185761
82.0  0.0247437434167  0.00336726462416
82.75  0.0259394021919  0.00349774247391
83.5  0.0203217275369  0.00306365595538
84.25  0.0243387102287  0.00334322550925
85.0  0.0204801820916  0.00308755349255
85.75  0.0211133487232  0.00318302421943
86.5  0.0278778801154  0.00372539765232
87.25  0.0162517739629  0.00287297923794
88.0  0.0222687941406  0.00343618754527
88.75  0.0202342890151  0.00337242441392
89.5  0.0188921408921  0.00339316460007
90.25  0.011841294469  0.00279104514517
91.0  0.0111607817041  0.00288176507639
91.75  0.0157656557911  0.00371602970635
92.5  0.017887622102  0.0042162102893
93.25  0.00898012967064  0.00317499219303
94.0  0.0151338808064  0.00419742866388
94.75  0.0103562047707  0.00345211947547
95.5  0.0133466715617  0.00385294828055
96.25  0.0161751272188  0.00417644266509
97.0  0.00616963102943  0.00251877760866
97.75  0.0109814668815  0.00331108518472
98.5  0.00861753064065  0.00287255694851
99.25  0.00823568529557  0.00274527438767
