 0 0 0 0
 12.065165 -0.000000 -0.000000
-0.000000  12.065165 -0.000000
-0.000000 -0.000000  12.065165
 0 0 0 1
-5.806100 -0.000000 -0.000000
-0.000000  0.402342 -0.000000
-0.000000 -0.000000  0.402342
 0 0 0 2
 0.402342 -0.000000 -0.000000
-0.000000 -5.806100 -0.000000
-0.000000 -0.000000  0.402342
 0 0 0 3
-0.676651 -0.000000 -0.000000
-0.000000 -0.676651 -0.000000
-0.000000 -0.000000  0.013278
 0 0 0 4
 0.402342 -0.000000 -0.000000
-0.000000  0.402342 -0.000000
-0.000000 -0.000000 -5.806100
 0 0 0 5
-0.676651 -0.000000 -0.000000
-0.000000  0.013278 -0.000000
-0.000000 -0.000000 -0.676651
 0 0 0 6
 0.013278 -0.000000 -0.000000
-0.000000 -0.676651 -0.000000
-0.000000 -0.000000 -0.676651
 0 0 0 7
-0.407391 -0.000000 -0.000000
-0.000000 -0.407391 -0.000000
-0.000000 -0.000000 -0.407391
 0 1 0 8
-0.664542 -0.332266 -0.332266
-0.332266 -0.664542 -0.332266
-0.332266 -0.332266 -0.664542
 0 1 0 9
-0.664542  0.332266  0.332266
 0.332266 -0.664542 -0.332266
 0.332266 -0.332266 -0.664542
 0 1 0 10
-0.664542  0.332266 -0.332266
 0.332266 -0.664542  0.332266
-0.332266  0.332266 -0.664542
 0 1 0 11
-0.664542 -0.332266  0.332266
-0.332266 -0.664542  0.332266
 0.332266  0.332266 -0.664542
 0 1 0 12
-0.664542 -0.332266  0.332266
-0.332266 -0.664542  0.332266
 0.332266  0.332266 -0.664542
 0 1 0 13
-0.664542  0.332266 -0.332266
 0.332266 -0.664542  0.332266
-0.332266  0.332266 -0.664542
 0 1 0 14
-0.664542  0.332266  0.332266
 0.332266 -0.664542 -0.332266
 0.332266 -0.332266 -0.664542
 0 1 0 15
-0.664542 -0.332266 -0.332266
-0.332266 -0.664542 -0.332266
-0.332266 -0.332266 -0.664542
 1 0 8 0
-0.664542 -0.332266 -0.332266
-0.332266 -0.664542 -0.332266
-0.332266 -0.332266 -0.664542
 1 0 8 1
-0.664542  0.332266  0.332266
 0.332266 -0.664542 -0.332266
 0.332266 -0.332266 -0.664542
 1 0 8 2
-0.664542  0.332266 -0.332266
 0.332266 -0.664542  0.332266
-0.332266  0.332266 -0.664542
 1 0 8 3
-0.664542 -0.332266  0.332266
-0.332266 -0.664542  0.332266
 0.332266  0.332266 -0.664542
 1 0 8 4
-0.664542 -0.332266  0.332266
-0.332266 -0.664542  0.332266
 0.332266  0.332266 -0.664542
 1 0 8 5
-0.664542  0.332266 -0.332266
 0.332266 -0.664542  0.332266
-0.332266  0.332266 -0.664542
 1 0 8 6
-0.664542  0.332266  0.332266
 0.332266 -0.664542 -0.332266
 0.332266 -0.332266 -0.664542
 1 0 8 7
-0.664542 -0.332266 -0.332266
-0.332266 -0.664542 -0.332266
-0.332266 -0.332266 -0.664542
 1 1 8 8
 12.065165  0.000000  0.000000
 0.000000  12.065165  0.000000
 0.000000  0.000000  12.065165
 1 1 8 9
-5.806100  0.000000  0.000000
 0.000000  0.402342  0.000000
 0.000000  0.000000  0.402342
 1 1 8 10
 0.402342  0.000000  0.000000
 0.000000 -5.806100  0.000000
 0.000000  0.000000  0.402342
 1 1 8 11
-0.676651  0.000000  0.000000
 0.000000 -0.676651  0.000000
 0.000000  0.000000  0.013278
 1 1 8 12
 0.402342  0.000000  0.000000
 0.000000  0.402342  0.000000
 0.000000  0.000000 -5.806100
 1 1 8 13
-0.676651  0.000000  0.000000
 0.000000  0.013278  0.000000
 0.000000  0.000000 -0.676651
 1 1 8 14
 0.013278  0.000000  0.000000
 0.000000 -0.676651  0.000000
 0.000000  0.000000 -0.676651
 1 1 8 15
-0.407391  0.000000  0.000000
 0.000000 -0.407391  0.000000
 0.000000  0.000000 -0.407391
