0.0102 0.0102 0.0102 23.5129 23.5129 23.5129
0.1506 0.1506 0.3183 23.5128 23.5128 23.5144
0.3017 0.3017 0.6369 23.5123 23.5123 23.5190
0.4526 0.4526 0.9553 23.5115 23.5115 23.5265
0.6035 0.6035 1.2736 23.5104 23.5104 23.5371
0.7544 0.7544 1.5918 23.5089 23.5089 23.5507
0.9052 0.9052 1.9099 23.5071 23.5071 23.5672
1.0560 1.0560 2.2277 23.5051 23.5051 23.5868
1.2067 1.2067 2.5454 23.5027 23.5027 23.6093
1.3573 1.3573 2.8628 23.4999 23.4999 23.6347
1.5078 1.5078 3.1799 23.4969 23.4969 23.6631
1.6583 1.6583 3.4967 23.4935 23.4935 23.6943
1.8087 1.8087 3.8131 23.4898 23.4898 23.7284
1.9590 1.9590 4.1292 23.4857 23.4857 23.7654
2.1092 2.1092 4.4449 23.4814 23.4814 23.8051
2.2592 2.2592 4.7601 23.4767 23.4767 23.8476
2.4092 2.4092 5.0749 23.4717 23.4717 23.8929
2.5590 2.5590 5.3892 23.4663 23.4663 23.9408
2.7086 2.7086 5.7030 23.4606 23.4606 23.9914
2.8581 2.8581 6.0162 23.4546 23.4546 24.0447
3.0075 3.0075 6.3288 23.4483 23.4483 24.1004
3.1567 3.1567 6.6408 23.4416 23.4416 24.1587
3.3057 3.3057 6.9522 23.4346 23.4346 24.2195
3.4545 3.4545 7.2629 23.4272 23.4272 24.2827
3.6032 3.6032 7.5729 23.4195 23.4195 24.3483
3.7516 3.7516 7.8822 23.4114 23.4114 24.4161
3.8999 3.8999 8.1906 23.4030 23.4030 24.4863
4.0479 4.0479 8.4983 23.3943 23.3943 24.5587
4.1957 4.1957 8.8052 23.3852 23.3852 24.6332
4.3433 4.3433 9.1112 23.3757 23.3757 24.7098
4.4907 4.4907 9.4163 23.3659 23.3659 24.7884
4.6378 4.6378 9.7205 23.3557 23.3557 24.8691
4.7847 4.7847 10.0238 23.3452 23.3452 24.9516
4.9312 4.9312 10.3261 23.3343 23.3343 25.0360
5.0776 5.0776 10.6274 23.3231 23.3231 25.1222
5.2236 5.2236 10.9277 23.3115 23.3115 25.2102
5.3694 5.3694 11.2269 23.2995 23.2995 25.2998
5.5149 5.5149 11.5250 23.2871 23.2871 25.3910
5.6601 5.6601 11.8220 23.2744 23.2744 25.4837
5.8049 5.8049 12.1179 23.2613 23.2613 25.5780
5.9495 5.9495 12.4126 23.2478 23.2478 25.6736
6.0938 6.0938 12.7061 23.2339 23.2339 25.7706
6.2377 6.2377 12.9983 23.2196 23.2196 25.8689
6.3813 6.3813 13.2893 23.2050 23.2050 25.9684
6.5245 6.5245 13.5790 23.1899 23.1899 26.0690
6.6674 6.6674 13.8674 23.1745 23.1745 26.1707
6.8099 6.8099 14.1545 23.1586 23.1586 26.2735
6.9521 6.9521 14.4402 23.1424 23.1424 26.3772
7.0939 7.0939 14.7245 23.1257 23.1257 26.4818
7.2353 7.2353 15.0074 23.1086 23.1086 26.5872
7.3763 7.3763 15.2888 23.0912 23.0912 26.6934
7.5170 7.5170 15.5688 23.0733 23.0733 26.8003
7.6572 7.6572 15.8473 23.0549 23.0549 26.9079
7.7970 7.7970 16.1242 23.0362 23.0362 27.0160
7.9365 7.9365 16.3996 23.0170 23.0170 27.1246
8.0755 8.0755 16.6734 22.9974 22.9974 27.2336
8.2140 8.2140 16.9456 22.9774 22.9774 27.3431
8.3522 8.3522 17.2162 22.9569 22.9569 27.4528
8.4899 8.4899 17.4851 22.9360 22.9360 27.5629
8.6271 8.6271 17.7524 22.9146 22.9146 27.6731
8.7639 8.7639 18.0179 22.8928 22.8928 27.7835
8.9002 8.9002 18.2818 22.8705 22.8705 27.8939
9.0361 9.0361 18.5438 22.8478 22.8478 28.0044
9.1715 9.1715 18.8041 22.8246 22.8246 28.1148
9.3064 9.3064 19.0626 22.8010 22.8010 28.2251
9.4408 9.4408 19.3193 22.7768 22.7768 28.3353
9.5748 9.5748 19.5741 22.7522 22.7522 28.4453
9.7082 9.7082 19.8270 22.7272 22.7272 28.5550
9.8412 9.8412 20.0781 22.7016 22.7016 28.6643
9.9736 9.9736 20.3272 22.6756 22.6756 28.7733
10.1055 10.1055 20.5744 22.6490 22.6490 28.8819
10.2369 10.2369 20.8197 22.6220 22.6220 28.9900
10.3678 10.3678 21.0629 22.5945 22.5945 29.0976
10.4981 10.4981 21.3042 22.5665 22.5665 29.2045
10.6279 10.6279 21.5434 22.5379 22.5379 29.3108
10.7571 10.7571 21.7806 22.5089 22.5089 29.4165
10.8858 10.8858 22.0157 22.4793 22.4793 29.5214
11.0140 11.0140 22.2487 22.4493 22.4493 29.6255
11.1415 11.1415 22.4187 22.4187 22.4796 29.7287
11.2686 11.2686 22.3875 22.3875 22.7084 29.8311
11.3950 11.3950 22.3559 22.3559 22.9351 29.9325
11.5209 11.5209 22.3237 22.3237 23.1595 30.0330
11.6461 11.6461 22.2910 22.2910 23.3818 30.1324
11.7708 11.7708 22.2577 22.2577 23.6019 30.2308
11.8949 11.8949 22.2239 22.2239 23.8197 30.3280
12.0185 12.0185 22.1895 22.1895 24.0353 30.4241
12.1414 12.1414 22.1546 22.1546 24.2486 30.5190
12.2637 12.2637 22.1191 22.1191 24.4597 30.6126
12.3854 12.3854 22.0831 22.0831 24.6685 30.7050
12.5064 12.5064 22.0464 22.0464 24.8749 30.7960
12.6269 12.6269 22.0093 22.0093 25.0790 30.8857
12.7467 12.7467 21.9715 21.9715 25.2808 30.9739
12.8659 12.8659 21.9332 21.9332 25.4801 31.0607
12.9845 12.9845 21.8942 21.8942 25.6772 31.1460
13.1024 13.1024 21.8547 21.8547 25.8718 31.2298
13.2197 13.2197 21.8146 21.8146 26.0640 31.3121
13.3364 13.3364 21.7739 21.7739 26.2537 31.3927
13.4524 13.4524 21.7326 21.7326 26.4410 31.4717
13.5677 13.5677 21.6907 21.6907 26.6259 31.5490
13.6824 13.6824 21.6482 21.6482 26.8083 31.6247
13.7964 13.7964 21.6051 21.6051 26.9882 31.6986
13.9098 13.9098 21.5613 21.5613 27.1656 31.7707
14.0225 14.0225 21.5170 21.5170 27.3405 31.8411
14.1345 14.1345 21.4720 21.4720 27.5129 31.9096
14.2459 14.2459 21.4264 21.4264 27.6827 31.9762
14.3566 14.3566 21.3802 21.3802 27.8500 32.0409
14.4666 14.4666 21.3333 21.3333 28.0147 32.1037
14.5759 14.5759 21.2858 21.2858 28.1768 32.1646
14.6845 14.6845 21.2377 21.2377 28.3363 32.2235
14.7924 14.7924 21.1889 21.1889 28.4933 32.2804
14.8997 14.8997 21.1395 21.1395 28.6476 32.3352
15.0062 15.0062 21.0894 21.0894 28.7994 32.3880
15.1121 15.1121 21.0387 21.0387 28.9485 32.4386
15.2172 15.2172 20.9873 20.9873 29.0949 32.4872
15.3216 15.3216 20.9352 20.9352 29.2387 32.5336
15.4254 15.4254 20.8825 20.8825 29.3799 32.5778
15.5284 15.5284 20.8291 20.8291 29.5184 32.6199
15.6307 15.6307 20.7751 20.7751 29.6542 32.6597
15.7323 15.7323 20.7204 20.7204 29.7874 32.6973
15.8332 15.8332 20.6650 20.6650 29.9178 32.7327
15.9334 15.9334 20.6089 20.6089 30.0456 32.7657
16.0329 16.0329 20.5522 20.5522 30.1707 32.7965
16.1316 16.1316 20.4947 20.4947 30.2930 32.8249
16.2296 16.2296 20.4366 20.4366 30.4127 32.8510
16.3269 16.3269 20.3778 20.3778 30.5296 32.8747
16.4235 16.4235 20.3183 20.3183 30.6438 32.8960
16.5193 16.5193 20.2581 20.2581 30.7553 32.9149
16.6144 16.6144 20.1972 20.1972 30.8641 32.9314
16.7088 16.7088 20.1356 20.1356 30.9701 32.9455
16.8025 16.8025 20.0733 20.0733 31.0734 32.9571
16.8954 16.8954 20.0103 20.0103 31.1739 32.9662
16.9876 16.9876 19.9466 19.9466 31.2717 32.9729
17.0790 17.0790 19.8822 19.8822 31.3668 32.9770
17.1698 17.1698 19.8171 19.8171 31.4591 32.9786
17.2598 17.2598 19.7513 19.7513 31.5487 32.9777
17.3490 17.3490 19.6847 19.6847 31.6355 32.9743
17.4375 17.4375 19.6174 19.6174 31.7195 32.9683
17.5253 17.5253 19.5495 19.5495 31.8009 32.9597
17.6123 17.6123 19.4808 19.4808 31.8794 32.9485
17.6986 17.6986 19.4113 19.4113 31.9552 32.9347
17.7842 17.7842 19.3412 19.3412 32.0283 32.9183
17.8690 17.8690 19.2703 19.2703 32.0986 32.8993
17.9531 17.9531 19.1987 19.1987 32.1662 32.8777
18.0365 18.0365 19.1264 19.1264 32.2310 32.8534
18.1191 18.1191 19.0533 19.0533 32.2931 32.8264
18.2009 18.2009 18.9795 18.9795 32.3525 32.7968
18.2821 18.2821 18.9050 18.9050 32.4091 32.7646
18.3625 18.3625 18.8298 18.8298 32.4630 32.7296
18.4421 18.4421 18.7538 18.7538 32.5142 32.6920
18.5211 18.5211 18.6771 18.6771 32.5627 32.6517
18.5992 18.5992 18.5996 18.5996 32.6084 32.6086
18.5992 18.5992 18.5996 18.5996 32.6084 32.6086
18.5992 18.5996 18.6008 18.6012 32.6082 32.6084
18.5991 18.5995 18.6055 18.6060 32.6075 32.6078
18.5989 18.5993 18.6134 18.6138 32.6065 32.6067
18.5987 18.5991 18.6244 18.6248 32.6049 32.6052
18.5983 18.5987 18.6386 18.6390 32.6030 32.6032
18.5979 18.5983 18.6558 18.6562 32.6006 32.6008
18.5974 18.5979 18.6762 18.6766 32.5978 32.5980
18.5969 18.5973 18.6996 18.7000 32.5946 32.5948
18.5963 18.5967 18.7261 18.7265 32.5909 32.5911
18.5956 18.5960 18.7556 18.7560 32.5868 32.5870
18.5948 18.5952 18.7881 18.7885 32.5823 32.5825
18.5940 18.5944 18.8236 18.8240 32.5774 32.5776
18.5931 18.5935 18.8620 18.8624 32.5720 32.5722
18.5921 18.5925 18.9033 18.9037 32.5663 32.5665
18.5911 18.5915 18.9474 18.9478 32.5601 32.5603
18.5899 18.5903 18.9944 18.9948 32.5535 32.5538
18.5887 18.5892 19.0441 19.0445 32.5466 32.5468
18.5875 18.5879 19.0965 19.0969 32.5392 32.5395
18.5862 18.5866 19.1516 19.1520 32.5315 32.5317
18.5848 18.5852 19.2094 19.2098 32.5234 32.5236
18.5833 18.5837 19.2697 19.2701 32.5149 32.5151
18.5818 18.5822 19.3325 19.3329 32.5060 32.5062
18.5802 18.5806 19.3978 19.3982 32.4968 32.4970
18.5785 18.5789 19.4654 19.4658 32.4872 32.4874
18.5768 18.5772 19.5355 19.5358 32.4772 32.4775
18.5750 18.5754 19.6077 19.6081 32.4669 32.4672
18.5732 18.5736 19.6823 19.6826 32.4563 32.4565
18.5713 18.5717 19.7589 19.7593 32.4454 32.4456
18.5693 18.5697 19.8377 19.8380 32.4341 32.4343
18.5673 18.5676 19.9184 19.9188 32.4225 32.4227
18.5652 18.5656 20.0012 20.0015 32.4106 32.4108
18.5630 18.5634 20.0858 20.0861 32.3984 32.3986
18.5608 18.5612 20.1722 20.1726 32.3859 32.3862
18.5585 18.5589 20.2604 20.2608 32.3732 32.3734
18.5562 18.5566 20.3503 20.3507 32.3602 32.3604
18.5538 18.5542 20.4418 20.4421 32.3469 32.3472
18.5514 18.5518 20.5348 20.5352 32.3334 32.3336
18.5489 18.5493 20.6294 20.6297 32.3197 32.3199
18.5464 18.5468 20.7253 20.7256 32.3057 32.3059
18.5438 18.5442 20.8225 20.8229 32.2916 32.2918
18.5412 18.5415 20.9211 20.9214 32.2772 32.2774
18.5385 18.5388 21.0208 21.0211 32.2626 32.2629
18.5357 18.5361 21.1216 21.1219 32.2479 32.2481
18.5330 18.5333 21.2235 21.2238 32.2330 32.2333
18.5301 18.5305 21.3264 21.3267 32.2180 32.2182
18.5273 18.5276 21.4301 21.4305 32.2029 32.2031
18.5244 18.5247 21.5348 21.5351 32.1876 32.1878
18.5214 18.5218 21.6402 21.6405 32.1722 32.1724
18.5184 18.5188 21.7463 21.7466 32.1568 32.1570
18.5154 18.5157 21.8530 21.8533 32.1412 32.1414
18.5123 18.5127 21.9603 21.9606 32.1257 32.1259
18.5092 18.5096 22.0681 22.0683 32.1100 32.1102
18.5061 18.5064 22.1763 22.1765 32.0944 32.0946
18.5029 18.5032 22.2848 22.2851 32.0787 32.0789
18.4997 18.5000 22.3937 22.3940 32.0631 32.0633
18.4965 18.4968 22.5027 22.5030 32.0475 32.0477
18.4932 18.4935 22.6120 22.6122 32.0320 32.0322
18.4899 18.4902 22.7213 22.7216 32.0165 32.0167
18.4866 18.4869 22.8306 22.8309 32.0011 32.0013
18.4832 18.4836 22.9399 22.9402 31.9858 31.9860
18.4799 18.4802 23.0491 23.0493 31.9707 31.9709
18.4765 18.4768 23.1581 23.1583 31.9557 31.9558
18.4731 18.4734 23.2668 23.2671 31.9408 31.9410
18.4696 18.4700 23.3753 23.3756 31.9262 31.9264
18.4662 18.4665 23.4834 23.4836 31.9117 31.9119
18.4627 18.4631 23.5911 23.5913 31.8975 31.8977
18.4593 18.4596 23.6982 23.6985 31.8836 31.8838
18.4558 18.4561 23.8048 23.8051 31.8700 31.8701
18.4523 18.4526 23.9108 23.9111 31.8566 31.8568
18.4488 18.4491 24.0161 24.0164 31.8436 31.8438
18.4452 18.4455 24.1207 24.1209 31.8309 31.8311
18.4417 18.4420 24.2245 24.2247 31.8186 31.8188
18.4382 18.4385 24.3274 24.3276 31.8067 31.8069
18.4346 18.4349 24.4294 24.4296 31.7953 31.7954
18.4311 18.4314 24.5304 24.5307 31.7842 31.7844
18.4276 18.4279 24.6304 24.6306 31.7737 31.7739
18.4240 18.4243 24.7293 24.7296 31.7637 31.7638
18.4205 18.4208 24.8271 24.8273 31.7541 31.7543
18.4170 18.4173 24.9237 24.9239 31.7452 31.7453
18.4134 18.4137 25.0190 25.0192 31.7368 31.7369
18.4099 18.4102 25.1130 25.1132 31.7290 31.7292
18.4064 18.4067 25.2056 25.2058 31.7218 31.7220
18.4029 18.4032 25.2968 25.2970 31.7153 31.7155
18.3994 18.3997 25.3866 25.3868 31.7095 31.7096
18.3960 18.3962 25.4749 25.4751 31.7043 31.7045
18.3925 18.3928 25.5616 25.5618 31.6999 31.7000
18.3891 18.3893 25.6467 25.6469 31.6961 31.6963
18.3856 18.3859 25.7302 25.7304 31.6932 31.6933
18.3822 18.3825 25.8120 25.8122 31.6910 31.6911
18.3788 18.3791 25.8921 25.8922 31.6896 31.6897
18.3755 18.3757 25.9704 25.9705 31.6890 31.6892
18.3721 18.3724 26.0469 26.0471 31.6892 31.6894
18.3688 18.3691 26.1216 26.1218 31.6903 31.6904
18.3655 18.3658 26.1945 26.1946 31.6922 31.6923
18.3623 18.3625 26.2655 26.2656 31.6949 31.6950
18.3591 18.3593 26.3346 26.3347 31.6985 31.6986
18.3559 18.3561 26.4017 26.4019 31.7029 31.7030
18.3527 18.3529 26.4670 26.4671 31.7082 31.7083
18.3496 18.3498 26.5303 26.5304 31.7143 31.7144
18.3465 18.3467 26.5916 26.5917 31.7212 31.7214
18.3434 18.3436 26.6510 26.6511 31.7290 31.7291
18.3404 18.3406 26.7084 26.7085 31.7376 31.7377
18.3374 18.3376 26.7638 26.7640 31.7470 31.7471
18.3345 18.3347 26.8173 26.8175 31.7571 31.7573
18.3316 18.3317 26.8689 26.8690 31.7681 31.7682
18.3287 18.3289 26.9185 26.9186 31.7797 31.7798
18.3259 18.3261 26.9662 26.9663 31.7920 31.7921
18.3231 18.3233 27.0120 27.0122 31.8050 31.8051
18.3204 18.3206 27.0560 27.0561 31.8187 31.8188
18.3177 18.3179 27.0981 27.0982 31.8329 31.8330
18.3151 18.3153 27.1384 27.1385 31.8477 31.8478
18.3126 18.3127 27.1769 27.1770 31.8629 31.8630
18.3100 18.3102 27.2137 27.2138 31.8787 31.8788
18.3076 18.3077 27.2487 27.2488 31.8948 31.8949
18.3052 18.3053 27.2821 27.2822 31.9113 31.9114
18.3028 18.3029 27.3139 27.3140 31.9281 31.9282
18.3005 18.3006 27.3441 27.3442 31.9452 31.9453
18.2983 18.2984 27.3727 27.3728 31.9625 31.9626
18.2961 18.2962 27.3999 27.4000 31.9799 31.9800
18.2940 18.2941 27.4256 27.4257 31.9975 31.9975
18.2919 18.2920 27.4499 27.4500 32.0150 32.0151
18.2899 18.2900 27.4729 27.4730 32.0326 32.0327
18.2879 18.2881 27.4946 27.4946 32.0501 32.0502
18.2861 18.2862 27.5150 27.5151 32.0675 32.0675
18.2843 18.2844 27.5342 27.5343 32.0847 32.0847
18.2825 18.2826 27.5522 27.5523 32.1017 32.1017
18.2808 18.2809 27.5692 27.5692 32.1184 32.1184
18.2792 18.2793 27.5851 27.5851 32.1348 32.1348
18.2776 18.2777 27.5999 27.6000 32.1508 32.1508
18.2762 18.2763 27.6137 27.6138 32.1664 32.1664
18.2747 18.2748 27.6267 27.6267 32.1815 32.1815
18.2734 18.2735 27.6387 27.6387 32.1961 32.1961
18.2721 18.2722 27.6498 27.6499 32.2102 32.2102
18.2709 18.2710 27.6601 27.6602 32.2237 32.2237
18.2698 18.2698 27.6696 27.6697 32.2365 32.2365
18.2687 18.2688 27.6784 27.6784 32.2487 32.2487
18.2677 18.2678 27.6864 27.6864 32.2602 32.2602
18.2668 18.2668 27.6937 27.6937 32.2710 32.2710
18.2659 18.2660 27.7003 27.7003 32.2810 32.2810
18.2652 18.2652 27.7062 27.7063 32.2902 32.2902
18.2645 18.2645 27.7116 27.7116 32.2986 32.2987
18.2638 18.2639 27.7163 27.7163 32.3062 32.3063
18.2633 18.2633 27.7204 27.7204 32.3130 32.3130
18.2628 18.2628 27.7239 27.7239 32.3189 32.3189
18.2624 18.2624 27.7269 27.7269 32.3239 32.3239
18.2620 18.2621 27.7293 27.7293 32.3280 32.3280
18.2618 18.2618 27.7312 27.7312 32.3312 32.3312
18.2616 18.2616 27.7325 27.7325 32.3335 32.3335
18.2615 18.2615 27.7333 27.7333 32.3349 32.3349
18.2615 18.2615 27.7336 27.7336 32.3354 32.3354
18.2615 18.2615 27.7336 27.7336 32.3354 32.3354
18.2612 18.2620 27.7333 27.7338 32.3349 32.3353
18.2604 18.2637 27.7323 27.7345 32.3333 32.3352
18.2592 18.2666 27.7307 27.7356 32.3308 32.3350
18.2574 18.2706 27.7286 27.7372 32.3273 32.3348
18.2551 18.2757 27.7257 27.7393 32.3228 32.3345
18.2523 18.2820 27.7223 27.7418 32.3173 32.3341
18.2490 18.2894 27.7182 27.7448 32.3108 32.3336
18.2452 18.2979 27.7135 27.7482 32.3033 32.3330
18.2409 18.3075 27.7081 27.7520 32.2947 32.3324
18.2361 18.3182 27.7021 27.7563 32.2852 32.3316
18.2307 18.3301 27.6955 27.7610 32.2746 32.3308
18.2249 18.3430 27.6882 27.7661 32.2630 32.3299
18.2185 18.3570 27.6802 27.7716 32.2504 32.3288
18.2115 18.3721 27.6716 27.7776 32.2367 32.3277
18.2041 18.3883 27.6623 27.7839 32.2220 32.3264
18.1961 18.4055 27.6523 27.7906 32.2063 32.3251
18.1876 18.4238 27.6417 27.7977 32.1895 32.3235
18.1785 18.4431 27.6303 27.8051 32.1717 32.3219
18.1689 18.4634 27.6183 27.8129 32.1528 32.3201
18.1588 18.4847 27.6055 27.8210 32.1328 32.3181
18.1481 18.5070 27.5921 27.8295 32.1118 32.3160
18.1368 18.5303 27.5778 27.8382 32.0897 32.3137
18.1250 18.5546 27.5629 27.8473 32.0665 32.3113
18.1126 18.5798 27.5472 27.8566 32.0422 32.3086
18.0996 18.6059 27.5308 27.8663 32.0168 32.3057
18.0861 18.6330 27.5136 27.8761 31.9903 32.3027
18.0719 18.6609 27.4956 27.8862 31.9627 32.2994
18.0572 18.6898 27.4768 27.8966 31.9339 32.2958
18.0419 18.7195 27.4572 27.9071 31.9040 32.2921
18.0259 18.7500 27.4368 27.9178 31.8730 32.2880
18.0094 18.7813 27.4156 27.9287 31.8408 32.2837
17.9922 18.8135 27.3935 27.9398 31.8075 32.2791
17.9745 18.8465 27.3706 27.9510 31.7729 32.2743
17.9560 18.8802 27.3468 27.9623 31.7372 32.2691
17.9370 18.9146 27.3221 27.9737 31.7003 32.2636
17.9173 18.9498 27.2966 27.9851 31.6622 32.2577
17.8970 18.9857 27.2701 27.9967 31.6228 32.2515
17.8759 19.0223 27.2427 28.0083 31.5823 32.2450
17.8543 19.0596 27.2144 28.0199 31.5404 32.2380
17.8319 19.0974 27.1851 28.0315 31.4974 32.2307
17.8089 19.1359 27.1548 28.0430 31.4531 32.2230
17.7851 19.1751 27.1236 28.0546 31.4074 32.2149
17.7607 19.2147 27.0913 28.0661 31.3606 32.2063
17.7356 19.2550 27.0581 28.0775 31.3124 32.1973
17.7097 19.2957 27.0238 28.0887 31.2629 32.1878
17.6832 19.3370 26.9885 28.0999 31.2120 32.1779
17.6558 19.3788 26.9521 28.1109 31.1599 32.1675
17.6278 19.4210 26.9146 28.1218 31.1063 32.1565
17.5990 19.4637 26.8761 28.1325 31.0515 32.1451
17.5694 19.5068 26.8364 28.1429 30.9952 32.1331
17.5391 19.5503 26.7956 28.1531 30.9376 32.1205
17.5080 19.5942 26.7537 28.1631 30.8785 32.1074
17.4761 19.6384 26.7106 28.1728 30.8181 32.0937
17.4435 19.6830 26.6663 28.1822 30.7562 32.0794
17.4100 19.7279 26.6209 28.1913 30.6929 32.0646
17.3757 19.7731 26.5742 28.2001 30.6281 32.0491
17.3406 19.8185 26.5263 28.2085 30.5619 32.0329
17.3047 19.8642 26.4771 28.2166 30.4942 32.0161
17.2679 19.9101 26.4267 28.2242 30.4250 31.9987
17.2303 19.9562 26.3751 28.2314 30.3543 31.9805
17.1918 20.0025 26.3221 28.2382 30.2821 31.9617
17.1525 20.0490 26.2678 28.2445 30.2084 31.9421
17.1123 20.0956 26.2122 28.2504 30.1331 31.9219
17.0712 20.1423 26.1553 28.2557 30.0563 31.9009
17.0293 20.1892 26.0970 28.2605 29.9779 31.8792
16.9864 20.2361 26.0373 28.2648 29.8979 31.8567
16.9427 20.2831 25.9762 28.2686 29.8164 31.8334
16.8980 20.3301 25.9138 28.2718 29.7332 31.8093
16.8524 20.3771 25.8499 28.2743 29.6484 31.7845
16.8059 20.4241 25.7845 28.2763 29.5620 31.7588
16.7584 20.4712 25.7178 28.2777 29.4740 31.7323
16.7100 20.5181 25.6495 28.2784 29.3843 31.7050
16.6607 20.5651 25.5798 28.2784 29.2930 31.6769
16.6104 20.6119 25.5086 28.2778 29.2000 31.6478
16.5591 20.6587 25.4358 28.2765 29.1053 31.6180
16.5068 20.7054 25.3616 28.2745 29.0089 31.5872
16.4536 20.7519 25.2858 28.2717 28.9108 31.5556
16.3994 20.7983 25.2084 28.2683 28.8110 31.5231
16.3442 20.8446 25.1295 28.2640 28.7095 31.4897
16.2879 20.8907 25.0490 28.2591 28.6062 31.4553
16.2307 20.9366 24.9669 28.2533 28.5012 31.4201
16.1724 20.9823 24.8831 28.2467 28.3944 31.3839
16.1132 21.0277 24.7978 28.2394 28.2859 31.3468
16.0529 21.0730 24.7109 28.1756 28.2312 31.3088
15.9915 21.1180 24.6222 28.0635 28.2223 31.2698
15.9291 21.1627 24.5320 27.9496 28.2124 31.2299
15.8657 21.2072 24.4400 27.8340 28.2018 31.1890
15.8012 21.2514 24.3464 27.7165 28.1903 31.1472
15.7357 21.2953 24.2511 27.5972 28.1779 31.1044
15.6691 21.3389 24.1541 27.4761 28.1647 31.0606
15.6014 21.3821 24.0554 27.3531 28.1505 31.0159
15.5326 21.4250 23.9550 27.2283 28.1355 30.9702
15.4628 21.4676 23.8528 27.1017 28.1197 30.9235
15.3919 21.5098 23.7489 26.9732 28.1029 30.8758
15.3199 21.5517 23.6432 26.8429 28.0852 30.8272
15.2468 21.5931 23.5358 26.7107 28.0666 30.7776
15.1726 21.6342 23.4266 26.5767 28.0471 30.7270
15.0973 21.6749 23.3157 26.4407 28.0267 30.6755
15.0209 21.7152 23.2030 26.3029 28.0053 30.6229
14.9434 21.7550 23.0885 26.1632 27.9831 30.5694
14.8648 21.7945 22.9721 26.0217 27.9599 30.5150
14.7851 21.8335 22.8540 25.8782 27.9358 30.4596
14.7042 21.8721 22.7341 25.7329 27.9108 30.4032
14.6223 21.9102 22.6124 25.5856 27.8849 30.3458
14.5392 21.9479 22.4889 25.4365 27.8580 30.2876
14.4550 21.9851 22.3635 25.2855 27.8303 30.2283
14.3697 22.0219 22.2363 25.1325 27.8016 30.1682
14.2833 22.0582 22.1073 24.9777 27.7720 30.1071
14.1957 21.9765 22.0940 24.8209 27.7415 30.0451
14.1070 21.8438 22.1293 24.6623 27.7101 29.9821
14.0172 21.7093 22.1642 24.5018 27.6779 29.9183
13.9262 21.5730 22.1985 24.3393 27.6447 29.8536
13.8342 21.4348 22.2324 24.1750 27.6106 29.7880
13.7410 21.2948 22.2658 24.0087 27.5757 29.7216
13.6466 21.1529 22.2987 23.8406 27.5399 29.6542
13.5512 21.0092 22.3310 23.6705 27.5033 29.5861
13.4546 20.8637 22.3629 23.4986 27.4658 29.5171
13.3569 20.7163 22.3943 23.3248 27.4274 29.4473
13.2580 20.5671 22.4251 23.1490 27.3883 29.3767
13.1581 20.4161 22.4555 22.9714 27.3483 29.3053
13.0570 20.2632 22.4853 22.7919 27.3075 29.2331
12.9548 20.1085 22.5146 22.6106 27.2660 29.1602
12.8515 19.9520 22.4273 22.5435 27.2236 29.0866
12.7471 19.7936 22.2422 22.5717 27.1805 29.0123
12.6416 19.6334 22.0553 22.5995 27.1367 28.9372
12.5350 19.4714 21.8664 22.6268 27.0921 28.8615
12.4272 19.3076 21.6758 22.6536 27.0469 28.7852
12.3184 19.1420 21.4832 22.6798 27.0009 28.7082
12.2085 18.9746 21.2889 22.7055 26.9543 28.6306
12.0974 18.8054 21.0927 22.7308 26.9070 28.5524
11.9853 18.6345 20.8947 22.7555 26.8590 28.4737
11.8721 18.4617 20.6949 22.7797 26.8105 28.3945
11.7579 18.2872 20.4933 22.8034 26.7613 28.3147
11.6425 18.1109 20.2899 22.8266 26.7116 28.2344
11.5261 17.9328 20.0847 22.8493 26.6613 28.1537
11.4087 17.7530 19.8777 22.8715 26.6105 28.0726
11.2902 17.5715 19.6690 22.8933 26.5592 27.9911
11.1706 17.3882 19.4585 22.9145 26.5074 27.9092
11.0500 17.2033 19.2463 22.9353 26.4552 27.8270
10.9284 17.0166 19.0323 22.9555 26.4025 27.7445
10.8057 16.8282 18.8166 22.9753 26.3494 27.6617
10.6820 16.6382 18.5993 22.9946 26.2959 27.5786
10.5573 16.4464 18.3802 23.0135 26.2421 27.4954
10.4316 16.2531 18.1595 23.0319 26.1880 27.4119
10.3049 16.0580 17.9371 23.0498 26.1335 27.3284
10.1772 15.8614 17.7130 23.0672 26.0788 27.2447
10.0486 15.6631 17.4873 23.0843 26.0239 27.1609
9.9189 15.4632 17.2600 23.1008 25.9687 27.0771
9.7883 15.2618 17.0311 23.1170 25.9134 26.9934
9.6568 15.0587 16.8006 23.1327 25.8579 26.9096
9.5243 14.8541 16.5685 23.1479 25.8023 26.8259
9.3908 14.6480 16.3349 23.1628 25.7467 26.7424
9.2565 14.4403 16.0997 23.1772 25.6909 26.6590
9.1212 14.2312 15.8630 23.1912 25.6352 26.5758
8.9851 14.0205 15.6248 23.2049 25.5795 26.4928
8.8480 13.8084 15.3852 23.2181 25.5238 26.4101
8.7101 13.5948 15.1440 23.2309 25.4682 26.3278
8.5713 13.3797 14.9014 23.2433 25.4127 26.2457
8.4316 13.1633 14.6574 23.2554 25.3573 26.1641
8.2911 12.9454 14.4119 23.2671 25.3022 26.0829
8.1497 12.7262 14.1651 23.2784 25.2472 26.0022
8.0076 12.5056 13.9169 23.2894 25.1925 25.9221
7.8646 12.2836 13.6674 23.3000 25.1381 25.8425
7.7208 12.0603 13.4165 23.3102 25.0840 25.7635
7.5762 11.8358 13.1643 23.3202 25.0303 25.6852
7.4309 11.6099 12.9108 23.3297 24.9770 25.6076
7.2848 11.3828 12.6561 23.3390 24.9241 25.5307
7.1379 11.1544 12.4001 23.3479 24.8716 25.4546
6.9904 10.9249 12.1429 23.3566 24.8197 25.3794
6.8421 10.6941 11.8845 23.3649 24.7683 25.3050
6.6930 10.4622 11.6249 23.3729 24.7175 25.2316
6.5433 10.2291 11.3642 23.3806 24.6672 25.1591
6.3930 9.9949 11.1023 23.3880 24.6177 25.0877
6.2419 9.7596 10.8393 23.3952 24.5688 25.0173
6.0902 9.5232 10.5753 23.4021 24.5206 24.9480
5.9379 9.2858 10.3102 23.4087 24.4731 24.8799
5.7849 9.0473 10.0440 23.4150 24.4265 24.8129
5.6314 8.8078 9.7769 23.4211 24.3806 24.7472
5.4772 8.5674 9.5088 23.4270 24.3356 24.6828
5.3225 8.3260 9.2397 23.4326 24.2915 24.6197
5.1672 8.0836 8.9697 23.4379 24.2483 24.5579
5.0114 7.8404 8.6987 23.4431 24.2061 24.4976
4.8550 7.5963 8.4269 23.4480 24.1648 24.4387
4.6982 7.3513 8.1543 23.4527 24.1246 24.3813
4.5408 7.1055 7.8808 23.4571 24.0854 24.3254
4.3829 6.8589 7.6065 23.4614 24.0473 24.2711
4.2246 6.6115 7.3315 23.4655 24.0103 24.2184
4.0658 6.3634 7.0557 23.4693 23.9744 24.1673
3.9066 6.1146 6.7791 23.4730 23.9397 24.1180
3.7470 5.8650 6.5019 23.4765 23.9061 24.0703
3.5870 5.6148 6.2240 23.4798 23.8738 24.0244
3.4266 5.3640 5.9455 23.4829 23.8427 23.9803
3.2658 5.1126 5.6664 23.4858 23.8129 23.9380
3.1047 4.8606 5.3867 23.4886 23.7844 23.8975
2.9433 4.6080 5.1064 23.4912 23.7572 23.8589
2.7815 4.3549 4.8256 23.4936 23.7314 23.8223
2.6194 4.1013 4.5444 23.4959 23.7069 23.7875
2.4571 3.8472 4.2626 23.4980 23.6838 23.7548
2.2945 3.5927 3.9804 23.5000 23.6621 23.7240
2.1316 3.3378 3.6978 23.5018 23.6418 23.6953
1.9685 3.0826 3.4149 23.5035 23.6229 23.6686
1.8052 2.8269 3.1315 23.5050 23.6055 23.6439
1.6417 2.5709 2.8479 23.5064 23.5895 23.6213
1.4781 2.3147 2.5639 23.5077 23.5751 23.6008
1.3142 2.0582 2.2797 23.5088 23.5621 23.5825
1.1502 1.8014 1.9952 23.5098 23.5506 23.5662
0.9861 1.5444 1.7106 23.5106 23.5406 23.5521
0.8219 1.2873 1.4257 23.5113 23.5322 23.5402
0.6576 1.0300 1.1408 23.5119 23.5253 23.5304
0.4932 0.7726 0.8556 23.5123 23.5199 23.5227
0.3288 0.5150 0.5704 23.5127 23.5160 23.5173
0.1642 0.2574 0.2851 23.5129 23.5137 23.5140
0.0102 0.0102 0.0102 23.5129 23.5129 23.5129
0.0102 0.0102 0.0102 23.5129 23.5129 23.5129
0.2505 0.2505 0.2789 23.5135 23.5138 23.5138
0.5012 0.5012 0.5580 23.5153 23.5166 23.5166
0.7519 0.7519 0.8369 23.5182 23.5211 23.5211
1.0024 1.0024 1.1158 23.5224 23.5275 23.5275
1.2527 1.2527 1.3945 23.5277 23.5356 23.5356
1.5029 1.5029 1.6730 23.5341 23.5456 23.5456
1.7529 1.7529 1.9513 23.5418 23.5574 23.5574
2.0026 2.0026 2.2293 23.5506 23.5709 23.5709
2.2521 2.2521 2.5071 23.5605 23.5862 23.5862
2.5012 2.5012 2.7845 23.5715 23.6033 23.6033
2.7501 2.7501 3.0616 23.5837 23.6221 23.6221
2.9985 2.9985 3.3383 23.5970 23.6426 23.6426
3.2465 3.2465 3.6146 23.6114 23.6648 23.6648
3.4941 3.4941 3.8904 23.6269 23.6887 23.6887
3.7412 3.7412 4.1657 23.6434 23.7142 23.7142
3.9878 3.9878 4.4405 23.6610 23.7414 23.7414
4.2339 4.2339 4.7147 23.6796 23.7702 23.7702
4.4794 4.4794 4.9883 23.6992 23.8006 23.8006
4.7243 4.7243 5.2613 23.7198 23.8326 23.8326
4.9685 4.9685 5.5336 23.7414 23.8660 23.8660
5.2121 5.2121 5.8053 23.7639 23.9010 23.9010
5.4550 5.4550 6.0762 23.7873 23.9374 23.9374
5.6971 5.6971 6.3463 23.8117 23.9753 23.9753
5.9385 5.9385 6.6156 23.8369 24.0146 24.0146
6.1791 6.1791 6.8841 23.8630 24.0552 24.0552
6.4188 6.4188 7.1518 23.8899 24.0972 24.0972
6.6577 6.6577 7.4185 23.9176 24.1404 24.1404
6.8958 6.8958 7.6844 23.9461 24.1850 24.1850
7.1329 7.1329 7.9492 23.9753 24.2307 24.2307
7.3690 7.3690 8.2131 24.0053 24.2777 24.2777
7.6042 7.6042 8.4760 24.0359 24.3258 24.3258
7.8384 7.8384 8.7378 24.0672 24.3749 24.3749
8.0716 8.0716 8.9985 24.0991 24.4252 24.4252
8.3037 8.3037 9.2582 24.1316 24.4765 24.4765
8.5347 8.5347 9.5167 24.1647 24.5288 24.5288
8.7646 8.7646 9.7740 24.1984 24.5820 24.5820
8.9934 8.9934 10.0301 24.2325 24.6361 24.6361
9.2210 9.2210 10.2850 24.2672 24.6911 24.6911
9.4474 9.4474 10.5387 24.3023 24.7469 24.7469
9.6726 9.6726 10.7911 24.3377 24.8035 24.8035
9.8965 9.8965 11.0421 24.3736 24.8608 24.8608
10.1192 10.1192 11.2919 24.4099 24.9189 24.9189
10.3406 10.3406 11.5403 24.4464 24.9775 24.9775
10.5607 10.5607 11.7873 24.4832 25.0368 25.0368
10.7795 10.7795 12.0329 24.5203 25.0966 25.0966
10.9969 10.9969 12.2771 24.5577 25.1570 25.1570
11.2129 11.2129 12.5198 24.5952 25.2178 25.2178
11.4276 11.4276 12.7610 24.6329 25.2791 25.2791
11.6408 11.6408 13.0008 24.6707 25.3408 25.3408
11.8525 11.8525 13.2390 24.7086 25.4029 25.4029
12.0628 12.0628 13.4757 24.7466 25.4652 25.4652
12.2717 12.2717 13.7108 24.7847 25.5278 25.5278
12.4790 12.4790 13.9443 24.8227 25.5907 25.5907
12.6848 12.6848 14.1762 24.8607 25.6538 25.6538
12.8891 12.8891 14.4065 24.8987 25.7170 25.7170
13.0919 13.0919 14.6351 24.9366 25.7803 25.7803
13.2930 13.2930 14.8620 24.9744 25.8437 25.8437
13.4926 13.4926 15.0873 25.0121 25.9072 25.9072
13.6906 13.6906 15.3109 25.0496 25.9706 25.9706
13.8870 13.8870 15.5327 25.0869 26.0341 26.0341
14.0817 14.0817 15.7528 25.1241 26.0974 26.0974
14.2748 14.2748 15.9712 25.1609 26.1607 26.1607
14.4663 14.4663 16.1878 25.1975 26.2238 26.2238
14.6561 14.6561 16.4026 25.2339 26.2867 26.2867
14.8442 14.8442 16.6156 25.2699 26.3494 26.3494
15.0306 15.0306 16.8267 25.3055 26.4119 26.4119
15.2154 15.2154 17.0361 25.3408 26.4741 26.4741
15.3984 15.3984 17.2436 25.3758 26.5360 26.5360
15.5797 15.5797 17.4493 25.4103 26.5976 26.5976
15.7593 15.7593 17.6530 25.4444 26.6588 26.6588
15.9372 15.9372 17.8550 25.4781 26.7196 26.7196
16.1133 16.1133 18.0550 25.5112 26.7800 26.7800
16.2877 16.2877 18.2531 25.5440 26.8399 26.8399
16.4603 16.4603 18.4494 25.5762 26.8994 26.8994
16.6311 16.6311 18.6437 25.6079 26.9584 26.9584
16.8003 16.8003 18.8361 25.6390 27.0168 27.0168
16.9676 16.9676 19.0265 25.6697 27.0747 27.0747
17.1332 17.1332 19.2151 25.6997 27.1321 27.1321
17.2969 17.2969 19.4016 25.7292 27.1888 27.1888
17.4590 17.4590 19.5863 25.7581 27.2449 27.2449
17.6192 17.6192 19.7689 25.7864 27.3004 27.3004
17.7777 17.7777 19.9497 25.8140 27.3552 27.3552
17.9344 17.9344 20.1284 25.8411 27.4093 27.4093
18.0893 18.0893 20.3052 25.8675 27.4628 27.4628
18.2424 18.2424 20.4800 25.8933 27.5155 27.5155
18.3938 18.3938 20.6528 25.9184 27.5676 27.5676
18.5434 18.5434 20.8237 25.9428 27.6188 27.6188
18.6912 18.6912 20.9926 25.9666 27.6694 27.6694
18.8373 18.8373 21.1595 25.9898 27.7191 27.7191
18.9816 18.9816 21.3244 26.0122 27.7681 27.7681
19.1241 19.1241 21.4874 26.0340 27.8163 27.8163
19.2649 19.2649 21.6483 26.0551 27.8636 27.8636
19.4039 19.4039 21.8073 26.0755 27.9102 27.9102
19.5412 19.5412 21.9644 26.0952 27.9559 27.9559
19.6768 19.6768 22.1194 26.1143 28.0008 28.0008
19.8107 19.8107 22.2725 26.1326 28.0449 28.0449
19.9428 19.9428 22.4236 26.1503 28.0881 28.0881
20.0732 20.0732 22.5727 26.1673 28.1305 28.1305
20.2019 20.2019 22.7199 26.1836 28.1720 28.1720
20.3289 20.3289 22.8652 26.1992 28.2126 28.2126
20.4543 20.4543 23.0085 26.2142 28.2524 28.2524
20.5780 20.5780 23.1498 26.2285 28.2913 28.2913
20.7000 20.7000 23.2893 26.2421 28.3293 28.3293
20.8203 20.8203 23.4267 26.2551 28.3665 28.3665
20.9391 20.9391 23.5623 26.2674 28.4027 28.4027
21.0562 21.0562 23.6960 26.2791 28.4382 28.4382
21.1717 21.1717 23.8277 26.2902 28.4727 28.4727
21.2856 21.2856 23.9576 26.3006 28.5063 28.5063
21.3979 21.3979 24.0855 26.3105 28.5391 28.5391
21.5087 21.5087 24.2116 26.3197 28.5711 28.5711
21.6179 21.6179 24.3358 26.3284 28.6021 28.6021
21.7255 21.7255 24.4582 26.3364 28.6323 28.6323
21.8317 21.8317 24.5787 26.3439 28.6617 28.6617
21.9363 21.9363 24.6973 26.3509 28.6902 28.6902
22.0395 22.0395 24.8142 26.3573 28.7178 28.7178
22.1411 22.1411 24.9292 26.3632 28.7447 28.7447
22.2414 22.2414 25.0424 26.3687 28.7707 28.7707
22.3401 22.3401 25.1538 26.3736 28.7958 28.7958
22.4375 22.4375 25.2635 26.3780 28.8202 28.8202
22.5334 22.5334 25.3714 26.3820 28.8437 28.8437
22.6280 22.6280 25.4775 26.3856 28.8665 28.8665
22.7212 22.7212 25.5819 26.3887 28.8885 28.8885
22.8130 22.8130 25.6845 26.3914 28.9096 28.9096
22.9036 22.9036 25.7855 26.3938 28.9301 28.9301
22.9928 22.9928 25.8847 26.3958 28.9498 28.9498
23.0807 23.0807 25.9823 26.3974 28.9687 28.9687
23.1673 23.1673 26.0782 26.3987 28.9869 28.9869
23.2527 23.2527 26.1724 26.3998 29.0044 29.0044
23.3369 23.3369 26.2650 26.4005 29.0211 29.0211
23.4198 23.4198 26.3560 26.4010 29.0372 29.0372
23.5016 23.5016 26.4012 26.4453 29.0526 29.0526
23.5821 23.5821 26.4012 26.5331 29.0674 29.0674
23.6616 23.6616 26.4011 26.6193 29.0815 29.0815
23.7399 23.7399 26.4007 26.7039 29.0949 29.0949
23.8170 23.8170 26.4002 26.7870 29.1077 29.1077
23.8931 23.8931 26.3996 26.8685 29.1200 29.1200
23.9681 23.9681 26.3988 26.9485 29.1316 29.1316
24.0421 24.0421 26.3980 27.0270 29.1426 29.1426
24.1150 24.1150 26.3971 27.1040 29.1531 29.1531
24.1870 24.1870 26.3962 27.1796 29.1630 29.1630
24.2579 24.2579 26.3953 27.2537 29.1724 29.1724
24.3279 24.3279 26.3944 27.3264 29.1813 29.1813
24.3969 24.3969 26.3935 27.3976 29.1897 29.1897
24.4649 24.4649 26.3926 27.4675 29.1976 29.1976
24.5321 24.5321 26.3918 27.5359 29.2050 29.2050
24.5984 24.5984 26.3912 27.6030 29.2119 29.2119
24.6638 24.6638 26.3906 27.6687 29.2184 29.2184
24.7284 24.7284 26.3902 27.7331 29.2245 29.2245
24.7921 24.7921 26.3899 27.7961 29.2302 29.2302
24.8550 24.8550 26.3899 27.8578 29.2355 29.2355
24.9171 24.9171 26.3900 27.9183 29.2404 29.2404
24.9784 24.9784 26.3904 27.9775 29.2450 29.2450
25.0390 25.0390 26.3910 28.0354 29.2492 29.2492
25.0989 25.0989 26.3919 28.0920 29.2530 29.2530
25.1580 25.1580 26.3931 28.1474 29.2566 29.2566
25.2164 25.2164 26.3945 28.2016 29.2598 29.2598
25.2741 25.2741 26.3963 28.2546 29.2628 29.2628
25.3312 25.3312 26.3985 28.3064 29.2654 29.2654
25.3876 25.3876 26.4010 28.3571 29.2678 29.2678
25.4434 25.4434 26.4039 28.4065 29.2700 29.2700
25.4985 25.4985 26.4072 28.4549 29.2719 29.2719
25.5531 25.5531 26.4110 28.5020 29.2737 29.2737
25.6070 25.6070 26.4151 28.5481 29.2752 29.2752
25.6604 25.6604 26.4197 28.5931 29.2765 29.2765
25.7132 25.7132 26.4248 28.6370 29.2776 29.2776
25.7655 25.7655 26.4304 28.6798 29.2786 29.2786
25.8172 25.8172 26.4364 28.7215 29.2794 29.2794
25.8684 25.8684 26.4430 28.7622 29.2800 29.2800
25.9191 25.9191 26.4501 28.8018 29.2806 29.2806
25.9693 25.9693 26.4577 28.8405 29.2810 29.2810
26.0191 26.0191 26.4659 28.8781 29.2813 29.2813
26.0683 26.0683 26.4746 28.9147 29.2814 29.2814
26.1171 26.1171 26.4839 28.9503 29.2815 29.2815
26.1655 26.1655 26.4937 28.9849 29.2815 29.2815
26.2134 26.2134 26.5041 29.0185 29.2814 29.2814
26.2609 26.2609 26.5152 29.0512 29.2813 29.2813
26.3080 26.3080 26.5268 29.0830 29.2811 29.2811
26.3546 26.3546 26.5391 29.1138 29.2808 29.2808
26.4009 26.4009 26.5519 29.1436 29.2805 29.2805
26.4468 26.4468 26.5654 29.1726 29.2802 29.2802
26.4922 26.4922 26.5794 29.2006 29.2798 29.2798
26.5373 26.5373 26.5942 29.2278 29.2794 29.2794
26.5821 26.5821 26.6095 29.2540 29.2789 29.2789
26.6255 26.6264 26.6264 29.2785 29.2785 29.2793
26.6420 26.6704 26.6704 29.2780 29.2780 29.3038
26.6593 26.7141 26.7141 29.2775 29.2775 29.3274
26.6771 26.7574 26.7574 29.2770 29.2770 29.3502
26.6956 26.8004 26.8004 29.2765 29.2765 29.3721
26.7147 26.8430 26.8430 29.2760 29.2760 29.3931
26.7344 26.8853 26.8853 29.2755 29.2755 29.4133
26.7548 26.9272 26.9272 29.2750 29.2750 29.4327
26.7757 26.9688 26.9688 29.2745 29.2745 29.4512
26.7973 27.0101 27.0101 29.2740 29.2740 29.4689
26.8195 27.0511 27.0511 29.2735 29.2735 29.4858
26.8423 27.0917 27.0917 29.2730 29.2730 29.5019
26.8656 27.1321 27.1321 29.2725 29.2725 29.5172
26.8896 27.1721 27.1721 29.2720 29.2720 29.5317
26.9141 27.2118 27.2118 29.2715 29.2715 29.5454
26.9392 27.2511 27.2511 29.2710 29.2710 29.5583
26.9649 27.2902 27.2902 29.2705 29.2705 29.5704
26.9911 27.3289 27.3289 29.2699 29.2699 29.5818
27.0178 27.3673 27.3673 29.2694 29.2694 29.5923
27.0451 27.4054 27.4054 29.2688 29.2688 29.6021
27.0728 27.4432 27.4432 29.2683 29.2683 29.6111
27.1011 27.4806 27.4806 29.2677 29.2677 29.6194
27.1299 27.5177 27.5177 29.2670 29.2670 29.6269
27.1591 27.5545 27.5545 29.2663 29.2663 29.6336
27.1888 27.5909 27.5909 29.2656 29.2656 29.6396
27.2189 27.6271 27.6271 29.2649 29.2649 29.6448
27.2495 27.6629 27.6629 29.2640 29.2640 29.6493
27.2805 27.6983 27.6983 29.2632 29.2632 29.6530
27.3119 27.7334 27.7334 29.2622 29.2622 29.6560
27.3437 27.7682 27.7682 29.2612 29.2612 29.6583
27.3758 27.8026 27.8026 29.2601 29.2601 29.6598
27.4083 27.8367 27.8367 29.2589 29.2589 29.6606
27.4411 27.8704 27.8704 29.2576 29.2576 29.6606
27.4742 27.9037 27.9037 29.2563 29.2563 29.6599
27.5077 27.9367 27.9367 29.2548 29.2548 29.6585
27.5414 27.9694 27.9694 29.2531 29.2531 29.6564
27.5754 28.0016 28.0016 29.2514 29.2514 29.6536
27.6096 28.0335 28.0335 29.2495 29.2495 29.6500
27.6440 28.0650 28.0650 29.2475 29.2475 29.6457
27.6787 28.0961 28.0961 29.2453 29.2453 29.6407
27.7135 28.1269 28.1269 29.2430 29.2430 29.6350
27.7485 28.1572 28.1572 29.2405 29.2405 29.6286
27.7837 28.1872 28.1872 29.2378 29.2378 29.6215
27.8190 28.2167 28.2167 29.2349 29.2349 29.6136
27.8544 28.2459 28.2459 29.2318 29.2318 29.6051
27.8899 28.2746 28.2746 29.2285 29.2285 29.5959
27.9254 28.3030 28.3030 29.2250 29.2250 29.5860
27.9610 28.3309 28.3309 29.2213 29.2213 29.5754
27.9967 28.3584 28.3584 29.2174 29.2174 29.5641
28.0324 28.3855 28.3855 29.2132 29.2132 29.5522
28.0680 28.4121 28.4121 29.2087 29.2087 29.5395
28.1037 28.4384 28.4384 29.2040 29.2040 29.5262
28.1393 28.4642 28.4642 29.1990 29.1990 29.5123
28.1748 28.4895 28.4895 29.1937 29.1937 29.4976
28.2102 28.5145 28.5145 29.1882 29.1882 29.4823
28.2456 28.5390 28.5390 29.1823 29.1823 29.4664
28.2808 28.5630 28.5630 29.1762 29.1762 29.4498
28.3159 28.5866 28.5866 29.1697 29.1697 29.4326
28.3509 28.6098 28.6098 29.1629 29.1629 29.4147
28.3857 28.6325 28.6325 29.1558 29.1558 29.3962
28.4203 28.6547 28.6547 29.1484 29.1484 29.3771
28.4547 28.6766 28.6766 29.1406 29.1406 29.3573
28.4888 28.6979 28.6979 29.1325 29.1325 29.3370
28.5227 28.7188 28.7188 29.1240 29.1240 29.3160
28.5564 28.7392 28.7392 29.1151 29.1151 29.2944
28.5898 28.7592 28.7592 29.1059 29.1059 29.2723
28.6229 28.7788 28.7788 29.0962 29.0962 29.2496
28.6557 28.7978 28.7978 29.0862 29.0862 29.2263
28.6882 28.8165 28.8165 29.0759 29.0759 29.2024
28.7203 28.8346 28.8346 29.0651 29.0651 29.1780
28.7521 28.8523 28.8523 29.0539 29.0539 29.1531
28.7836 28.8696 28.8696 29.0423 29.0423 29.1276
28.8146 28.8864 28.8864 29.0303 29.0303 29.1015
28.8453 28.9028 28.9028 29.0178 29.0178 29.0750
28.8755 28.9187 28.9187 29.0050 29.0050 29.0480
28.9053 28.9341 28.9341 28.9917 28.9917 29.0204
28.9347 28.9492 28.9492 28.9780 28.9780 28.9924
28.9637 28.9637 28.9637 28.9639 28.9639 28.9639
