 5.7049
  1.0000  0.0000  0.0000
  0.0000  1.0000  0.0000
  0.0000  0.0000  1.0000
 16
  0  0.0000  0.0000  0.0000
  0  0.5000  0.0000  0.0000
  0  0.0000  0.5000  0.0000
  0  0.5000  0.5000  0.0000
  0  0.0000  0.0000  0.5000
  0  0.5000  0.0000  0.5000
  0  0.0000  0.5000  0.5000
  0  0.5000  0.5000  0.5000
  0  0.2500  0.2500  0.2500
  0  0.7500  0.2500  0.2500
  0  0.2500  0.7500  0.2500
  0  0.7500  0.7500  0.2500
  0  0.2500  0.2500  0.7500
  0  0.7500  0.2500  0.7500
  0  0.2500  0.7500  0.7500
  0  0.7500  0.7500  0.7500
